47 137 7 15
7 20 104
43 26 8
12 35 30
15 42 87
11 6 81
8 4 77
26 41 24
5 18 40
21 40 10
17 45 122
39 3 78
7 34 1
3 6 120
23 23 8
35 26 14
34 5 42
11 16 41
24 33 133
40 11 69
39 41 85
8 37 126
42 41 136
6 11 122
31 7 82
30 39 64
42 6 136
43 23 28
28 38 79
44 11 48
10 28 59
7 34 1
40 35 29
10 36 120
35 42 119
7 27 121
20 25 89
9 23 35
46 15 57
44 7 73
13 11 18
22 19 84
35 4 33
43 30 38
44 16 31
11 46 115
23 44 73
4 44 92
27 17 28
10 17 46
32 42 104
3 12 134
3 32 41
17 43 33
25 9 131
27 28 23
25 11 65
24 22 119
13 38 13
42 11 57
36 34 92
3 29 124
38 20 45
37 13 123
16 39 62
40 16 98
47 32 67
24 17 55
29 13 54
2 37 77
28 28 62
7 47 18
19 34 58
6 16 7
3 5 56
18 39 132
16 33 16
21 45 101
14 12 24
31 32 14
17 27 70
26 12 36
30 3 22
18 33 92
32 41 114
19 16 65
17 28 136
35 6 84
17 34 121
39 26 13
34 32 77
39 11 10
34 27 47
26 33 27
14 24 93
28 14 42
22 19 119
1 22 88
27 3 78
47 7 31
42 24 125
38 36 23
42 29 133
19 30 74
46 1 70
31 47 36
16 12 25
21 42 68
26 32 13
13 21 28
44 24 58
38 47 27
26 18 59
25 28 15
29 46 51
30 11 48
5 22 42
19 46 4
22 12 103
3 4 116
2 36 42
3 2 99
19 1 110
3 4 57
18 1 32
42 41 126
9 29 73
6 8 76
6 19 128
5 29 65
46 29 80
28 13 96
19 35 133
29 46 83
40 1 98
19 16 102
45 15 125
15 15 10000
